TAZ_index_1,TAZ_index_2,Dis_TAZ
4,4,0
12,4,5272.224478
13,4,4681.394932
24,4,11566.83873
41,4,12183.53856
42,4,14464.14616
43,4,8723.15812
45,4,2883.004036
48,4,5835.633639
50,4,6561.942469
68,4,4434.895459
74,4,12203.2223
75,4,10338.86572
79,4,1148.796252
87,4,4212.032194
88,4,4874.498712
90,4,3516.499463
100,4,4566.020252
107,4,2075.882961
113,4,2325.028527
114,4,2370.104348
116,4,15506.09727
120,4,18807.00319
125,4,3417.598124
127,4,21889.855
128,4,22626.32318
137,4,2451.933026
140,4,6612.281948
141,4,6633.80612
142,4,7347.180171
143,4,7763.902048
144,4,2260.324832
148,4,1704.061821
151,4,10950.36311
152,4,14088.29115
158,4,3930.568052
161,4,5036.59911
162,4,4866.135118
163,4,5975.926421
164,4,3758.945612
166,4,12710.1712
170,4,3529.042554
186,4,4022.591539
209,4,3671.50409
211,4,2735.115229
224,4,1185.933181
229,4,5020.584044
230,4,5359.685294
231,4,3551.355522
232,4,1486.439545
233,4,3911.622589
234,4,2862.035102
236,4,8620.855085
237,4,6711.639774
238,4,9995.935387
239,4,8849.839251
243,4,20214.07038
244,4,17787.90727
246,4,5284.177057
249,4,3293.193657
261,4,4551.381075
262,4,8383.756745
263,4,8585.035151
4,12,5272.224478
12,12,0
13,12,1336.490421
24,12,15583.11589
41,12,16528.03047
42,12,18881.96076
43,12,12944.15859
45,12,2389.307564
48,12,9170.901463
50,12,9572.275658
68,12,6904.183013
74,12,16856.82477
75,12,14968.58119
79,12,4899.898978
87,12,1062.195601
88,12,454.7200225
90,12,6136.875769
100,12,8003.834567
107,12,6088.11049
113,12,4954.099439
114,12,4243.523921
116,12,19703.10716
120,12,23166.67544
125,12,3544.478707
127,12,26268.10866
128,12,26900.32764
137,12,7017.300037
140,12,11412.97175
141,12,11277.1005
142,12,11054.67253
143,12,11169.15867
144,12,3354.370084
148,12,3613.359475
151,12,14925.74333
152,12,18250.93081
158,12,4769.783936
161,12,9123.723642
162,12,9244.480101
163,12,9972.589099
164,12,7508.69041
166,12,16759.28724
170,12,7767.608358
186,12,7169.209696
209,12,1601.254482
211,12,3449.276258
224,12,6066.343977
229,12,9691.291422
230,12,9054.960576
231,12,2339.432094
232,12,4014.556066
233,12,8533.981779
234,12,6162.330142
236,12,13119.10538
237,12,11134.17864
238,12,13874.25104
239,12,12593.54926
243,12,24463.34246
244,12,22004.79252
246,12,7509.076928
249,12,4855.685792
261,12,952.4174039
262,12,13193.84647
263,12,13256.49528
4,13,4681.394932
12,13,1336.490421
13,13,0
24,13,14366.60665
41,13,15362.11892
42,13,17720.39662
43,13,11780.04282
45,13,1996.645217
48,13,7934.310541
50,13,8297.267233
68,13,5640.25702
74,13,15760.46514
75,13,13877.05948
79,13,4061.5466
87,13,1225.892375
88,13,1372.264633
90,13,4925.092141
100,13,6808.300413
107,13,5095.641842
113,13,3870.142424
114,13,3172.687456
116,13,18497.52588
120,13,21980.7122
125,13,2301.485236
127,13,25079.51039
128,13,25691.49976
137,13,6068.051344
140,13,10405.96364
141,13,10225.64869
142,13,9833.248953
143,13,9911.789352
144,13,2497.821089
148,13,2980.887696
151,13,13707.06034
152,13,17044.81279
158,13,3469.064122
161,13,7993.969776
162,13,8167.980951
163,13,8809.436125
164,13,6376.220594
166,13,15541.77295
170,13,6709.836616
186,13,5967.472163
209,13,1448.980954
211,13,2376.837235
224,13,5268.703379
229,13,8674.825882
230,13,7865.631175
231,13,1241.936679
232,13,3700.833747
233,13,7534.388427
234,13,5041.276506
236,13,12010.01534
237,13,10031.44383
238,13,12648.91988
239,13,11360.76047
243,13,23254.57215
244,13,20795.99626
246,13,6209.909756
249,13,3622.099405
261,13,545.0400546
262,13,12170.02683
263,13,12190.0279
4,24,11566.83873
12,24,15583.11589
13,24,14366.60665
24,24,0
41,24,1617.157056
42,24,3647.509484
43,24,2865.831305
45,24,13648.07136
48,24,6438.256436
50,24,6204.531843
68,24,8754.701275
74,24,3134.075047
75,24,2813.577733
79,24,11162.51362
87,24,14745.84944
88,24,15370.55161
90,24,9448.665999
100,24,7581.316178
107,24,9796.300987
113,24,10692.13968
114,24,11389.71068
116,24,4138.952709
120,24,7660.118802
125,24,12066.03132
127,24,10741.26329
128,24,11325.43543
137,24,9127.293758
140,24,5495.785869
141,24,5189.888824
142,24,4533.375117
143,24,4550.600408
144,24,12419.78115
148,24,12526.68172
151,24,661.0997667
152,24,2690.079489
158,24,10965.74828
161,24,6601.608311
162,24,6700.812061
163,24,5682.03349
164,24,8149.06178
166,24,1176.194461
170,24,8101.494508
186,24,8413.919227
209,24,14298.34914
211,24,12157.68758
224,24,10384.71982
229,24,6651.001946
230,24,6537.867507
231,24,13243.78127
232,24,12968.59024
233,24,7672.259597
234,24,9476.572962
236,24,3303.571001
237,24,4903.9623
238,24,1728.762378
239,24,3025.82726
243,24,8888.888315
244,24,6431.01778
246,24,8341.039624
249,24,10745.05089
261,24,14632.79935
262,24,4372.118373
263,24,3772.949002
4,41,12183.53856
12,41,16528.03047
13,41,15362.11892
24,41,1617.157056
41,41,0
42,41,2359.245209
43,41,3584.157103
45,41,14474.7497
48,41,7529.475491
50,41,7429.08057
68,41,9840.777518
74,41,1620.735658
75,41,2194.684912
79,41,11916.68474
87,41,15638.13573
88,41,16282.82908
90,41,10443.45197
100,41,8557.989491
107,41,10572.14631
113,41,11582.88741
114,41,12291.51127
116,41,3350.013159
120,41,6656.547752
125,41,13065.51062
127,41,9756.94142
128,41,10450.99786
137,41,9802.227316
140,41,5724.613105
141,41,5574.44361
142,41,5630.950817
143,41,5811.659996
144,41,13274.23224
148,41,13302.39044
151,41,2099.403703
152,41,2025.385015
158,41,12041.58602
161,41,7415.097121
162,41,7386.599065
163,41,6556.623725
164,41,9022.084196
166,41,1387.991806
170,41,8852.466965
186,41,9399.628044
209,41,15164.94697
211,41,13079.81516
224,41,11024.29179
229,41,7166.403542
230,41,7499.892102
231,41,14195.93058
232,41,13633.84367
233,41,8279.116202
234,41,10368.30506
236,41,3571.043752
237,41,5488.870026
238,41,3052.016957
239,41,4270.415553
243,41,8031.696194
244,41,5607.307191
246,41,9524.243799
249,41,11751.89675
261,41,15586.38677
262,41,4209.747298
263,41,3759.556075
4,42,14464.14616
12,42,18881.96076
13,42,17720.39662
24,42,3647.509484
41,42,2359.245209
42,42,0
43,42,5940.790088
45,42,16810.96346
48,42,9881.919657
50,42,9753.515941
68,42,12196.2499
74,42,2542.115656
75,42,4191.049773
79,42,14240.49141
87,42,17985.46832
88,42,18632.75889
90,42,12802.58276
100,42,10917.14263
107,42,12904.44346
113,42,13933.6079
114,42,14642.94421
116,42,1550.043204
120,42,4342.949118
125,42,15424.34852
127,42,7430.688551
128,42,8170.643249
137,42,12111.65192
140,42,7914.017689
141,42,7831.34714
142,42,7977.963398
143,42,8118.226316
144,42,15617.38409
148,42,15628.63506
151,42,4267.573215
152,42,1448.955854
158,42,14398.99981
161,42,9763.154493
162,42,9711.400189
163,42,8913.049452
164,42,11374.02646
166,42,2671.466129
170,42,11184.71008
186,42,11758.76982
209,42,17508.29501
211,42,15433.04688
224,42,13317.5286
229,42,9444.683735
230,42,9859.061322
231,42,16551.57343
232,42,15926.70835
233,42,10576.93514
234,42,12720.53584
236,42,5848.302232
237,42,7806.6703
238,42,5306.660854
239,42,6572.780149
243,42,5784.233932
244,42,3450.76395
246,42,11863.76867
249,42,14111.06333
261,42,17941.58386
262,42,6256.700057
263,42,5918.24533
4,43,8723.15812
12,43,12944.15859
13,43,11780.04282
24,43,2865.831305
41,43,3584.157103
42,43,5940.790088
43,43,0
45,43,10909.93186
48,43,4019.034351
50,43,4067.558095
68,43,6299.462658
74,43,4172.732009
75,43,2466.831586
79,43,8375.191827
87,43,12059.16498
88,43,12701.40779
90,43,6866.028672
100,43,4981.726094
107,43,7018.740738
113,43,8001.501986
114,43,8709.374721
116,43,6818.09849
120,43,10229.51139
125,43,9485.38483
127,43,13331.56176
128,43,13997.52797
137,43,6297.652452
140,43,2773.223389
141,43,2376.267385
142,43,2203.530349
143,43,2639.259694
144,43,9700.826964
148,43,9754.061357
151,43,2294.908269
152,43,5381.684721
158,43,8484.794451
161,43,3840.033532
162,43,3866.031311
163,43,2972.517477
164,43,5440.2222
166,43,3989.232172
170,43,5304.433852
186,43,5822.743182
209,43,11590.46813
211,43,9496.369958
224,43,7545.729577
229,43,3785.349321
230,43,3924.7902
231,43,10611.7755
232,43,10143.07927
233,43,4817.375344
234,43,6785.838989
236,43,997.1144234
237,43,2038.132578
238,43,1592.46422
239,43,1472.184795
243,43,11566.29386
244,43,9117.016877
246,43,6059.328591
249,43,8174.614899
261,43,12002.2416
262,43,2328.082516
263,43,1708.500009
4,45,2883.004036
12,45,2389.307564
13,45,1996.645217
24,45,13648.07136
41,45,14474.7497
42,45,16810.96346
43,45,10909.93186
45,45,0
48,45,7373.69442
50,45,7908.290069
68,45,5287.460594
74,45,14689.34412
75,45,12802.13125
79,45,2609.090608
87,45,1330.688587
88,45,1999.849264
90,45,4382.245561
100,45,6120.439516
107,45,3907.930542
113,45,2986.118197
114,45,2334.165168
116,45,17721.14182
120,45,21131.15657
125,45,2281.776702
127,45,24231.62214
128,45,24907.3702
137,45,4764.878042
140,45,9167.621515
141,45,9081.511745
142,45,9176.640925
143,45,9404.010616
144,45,1245.640523
148,45,1248.117731
151,45,13000.8278
152,45,16275.98743
158,45,3528.590325
161,45,7071.168965
162,45,7103.842279
163,45,7970.602555
164,45,5499.06753
166,45,14819.91731
170,45,5626.654974
186,45,5332.057773
209,45,789.9359211
211,45,1720.385017
224,45,3720.797224
229,45,7469.736595
230,45,7128.881563
231,45,1334.825331
232,45,1716.710345
233,45,6307.822073
234,45,4183.67762
236,45,10988.16937
237,45,9009.737783
238,45,11975.61886
239,45,10728.86473
243,45,22475.2435
244,45,20023.03222
246,45,6036.532151
249,45,3290.911246
261,45,1725.777544
262,45,10955.58737
263,45,11066.15693
4,48,5835.633639
12,48,9170.901463
13,48,7934.310541
24,48,6438.256436
41,48,7529.475491
42,48,9881.919657
43,48,4019.034351
45,48,7373.69442
48,48,0
50,48,830.5922228
68,48,2320.557973
74,48,8178.509862
75,48,6383.101208
79,48,5107.225553
87,48,8378.998135
88,48,8982.047822
90,48,3040.532695
100,48,1289.865699
107,48,3791.814266
113,48,4388.403386
114,48,5053.014031
116,48,10575.31806
120,48,14079.54231
125,48,5637.157384
127,48,17171.2502
128,48,17762.95984
137,48,3533.21979
140,48,3936.719137
141,48,3433.032111
142,48,1911.617163
143,48,2030.335133
144,48,6128.229932
148,48,6364.985223
151,48,5777.607856
152,48,9123.631188
158,48,4531.461976
161,48,1487.90555
162,48,2111.655573
163,48,1403.202847
164,48,2076.743321
166,48,7611.619806
170,48,2478.337021
186,48,2042.002299
209,48,7962.856396
211,48,5785.23186
224,48,4708.514807
229,48,2866.801823
230,48,723.4757358
231,48,6836.53428
232,48,7022.774758
233,48,2820.070519
234,48,3221.129331
236,48,4527.987379
237,48,2852.678881
238,48,4716.004335
239,48,3426.469883
243,48,15326.79743
244,48,12869.23562
246,48,2053.245155
249,48,4317.788175
261,48,8218.61969
262,48,5226.216972
263,48,4957.856588
4,50,6561.942469
12,50,9572.275658
13,50,8297.267233
24,50,6204.531843
41,50,7429.08057
42,50,9753.515941
43,50,4067.558095
45,50,7908.290069
48,50,830.5922228
50,50,0
68,50,2670.939643
74,50,8231.646327
75,50,6514.290274
79,50,5765.986372
87,50,8838.782383
88,50,9415.953572
90,50,3526.810953
100,50,1999.234511
107,50,4494.901225
113,50,4946.766769
114,50,5574.17839
116,50,10333.99434
120,50,13863.78977
125,50,6028.575454
127,50,16938.2156
128,50,17487.80711
137,50,4321.894596
140,50,4498.282703
141,50,3953.282861
142,50,1864.065767
143,50,1655.170756
144,50,6666.059883
148,50,6965.589063
151,50,5546.505634
152,50,8891.694255
158,50,4837.255098
161,50,2285.556453
162,50,2898.307872
163,50,1973.625955
164,50,2823.476342
166,50,7360.663213
170,50,3289.054482
186,50,2624.413814
209,50,8452.008151
211,50,6263.2562
224,50,5462.129186
229,50,3619.112125
230,50,1540.50073
231,50,7260.728334
232,50,7686.448133
233,50,3648.388196
234,50,3841.535027
236,50,4729.363293
237,50,3302.544618
238,50,4478.997929
239,50,3187.939035
243,50,15057.71407
244,50,12608.42675
246,50,2141.771428
249,50,4731.629201
261,50,8621.867592
262,50,5597.330979
263,50,5245.875848
4,68,4434.895459
12,68,6904.183013
13,68,5640.25702
24,68,8754.701275
41,68,9840.777518
42,68,12196.2499
43,68,6299.462658
45,68,5287.460594
48,68,2320.557973
50,68,2670.939643
68,68,0
74,68,10422.42022
75,68,8585.866533
79,68,3430.315914
87,68,6171.603145
88,68,6745.075999
90,68,961.1996781
100,68,1446.91521
107,68,2454.755264
113,68,2410.910538
114,68,2964.70142
116,68,12893.072
120,68,16399.93036
125,68,3359.712141
127,68,19490.92653
128,68,20076.70536
137,68,2859.419845
140,68,5619.291441
141,68,5245.625361
142,68,4232.174633
143,68,4271.533268
144,68,4059.498804
148,68,4447.10098
151,68,8093.700083
152,68,11441.99543
158,68,2211.42548
161,68,2847.487264
162,68,3299.491195
163,68,3422.49808
164,68,1643.313785
166,68,9926.330595
170,68,2387.194354
186,68,832.6988144
209,68,5796.184473
211,68,3609.730249
224,68,3562.616167
229,68,4058.401701
230,68,2421.583043
231,68,4589.82232
232,68,5295.109888
233,68,3288.366698
234,68,1588.061459
236,68,6704.090027
237,68,4833.879457
238,68,7029.299523
239,68,5735.079194
243,68,17641.32645
244,68,15184.71322
246,68,850.0853757
249,68,2061.632563
261,68,5952.959146
262,68,7189.338379
263,68,7037.246906
4,74,12203.2223
12,74,16856.82477
13,74,15760.46514
24,74,3134.075047
41,74,1620.735658
42,74,2542.115656
43,74,4172.732009
45,74,14689.34412
48,74,8178.509862
50,74,8231.646327
68,74,10422.42022
74,74,0
75,74,1888.887023
79,74,12087.85962
87,74,15914.37612
88,74,16576.01379
90,74,10908.37136
100,74,9048.380371
107,74,10792.86142
113,74,11909.75717
114,74,12619.18642
116,74,3999.518487
120,74,6740.583216
125,74,13493.80968
127,74,9758.243911
128,74,10576.47773
137,74,9933.84545
140,74,5592.307026
141,74,5609.783788
142,74,6370.724919
143,74,6714.610361
144,74,13534.7574
148,74,13475.52601
151,74,3463.458867
152,74,3075.196943
158,74,12573.32649
161,74,7771.897721
162,74,7612.542312
163,74,7016.966396
164,74,9386.264027
166,74,2978.918623
170,74,9091.375933
186,74,9877.402089
209,74,15416.77066
211,74,13419.10966
224,74,11090.08264
229,74,7229.092859
230,74,8009.873923
231,74,14555.81231
232,74,13682.91671
233,74,8387.196804
234,74,10719.69204
236,74,3753.145569
237,74,5729.292004
238,74,4211.128177
239,74,5246.474712
243,74,8244.976866
244,74,5980.450231
246,74,10226.48932
249,74,12207.43153
261,74,15933.62271
262,74,3848.347285
263,74,3628.351829
4,75,10338.86572
12,75,14968.58119
13,75,13877.05948
24,75,2813.577733
41,75,2194.684912
42,75,4191.049773
43,75,2466.831586
45,75,12802.13125
48,75,6383.101208
50,75,6514.290274
68,75,8585.866533
74,75,1888.887023
75,75,0
79,75,10202.26517
87,75,14025.5194
88,75,14687.13768
90,75,9040.534387
100,75,7192.643962
107,75,8904.251803
113,75,10022.96628
114,75,10732.06862
116,75,5450.726259
120,75,8512.427203
125,75,11615.63891
127,75,11570.98374
128,75,12349.78528
137,75,8049.738723
140,75,3741.802291
141,75,3726.025355
142,75,4654.368735
143,75,5100.444684
144,75,11645.91189
148,75,11590.58627
151,75,2755.861759
152,75,4208.597534
158,75,10716.00262
161,75,5894.982629
162,75,5724.121229
163,75,5166.888716
164,75,7505.847169
166,75,3369.751558
170,75,7202.603443
186,75,8015.283562
209,75,13528.26568
211,75,11532.28849
224,75,9215.761106
229,75,5347.548304
230,75,6165.706533
231,75,12669.80869
232,75,11814.6777
233,75,6503.207122
234,75,8835.797739
236,75,1884.920199
237,75,3846.122886
238,75,3049.063732
239,75,3766.879864
243,75,9974.759121
244,75,7619.708955
246,75,8436.345372
249,75,10335.20915
261,75,14046.35508
262,75,2071.487567
263,75,1753.836837
4,79,1148.796252
12,79,4899.898978
13,79,4061.5466
24,79,11162.51362
41,79,11916.68474
42,79,14240.49141
43,79,8375.191827
45,79,2609.090608
48,79,5107.225553
50,79,5765.986372
68,79,3430.315914
74,79,12087.85962
75,79,10202.26517
79,79,0
87,79,3886.215362
88,79,4561.204326
90,79,2479.138319
100,79,3817.392657
107,79,1368.277328
113,79,1182.46882
114,79,1278.196943
116,79,15193.18731
120,79,18571.14876
125,79,2406.694964
127,79,21668.44191
128,79,22363.50735
137,79,2156.688336
140,79,6558.622122
141,79,6478.25181
142,79,6779.16872
143,79,7106.740139
144,79,1572.230006
148,79,1389.581706
151,79,10525.80384
152,79,13755.552
158,79,2787.226666
161,79,4560.939449
162,79,4530.501614
163,79,5487.029942
164,79,3079.800151
166,79,12326.12083
170,79,3070.760715
186,79,3151.370617
209,79,3363.812434
211,79,1821.073436
224,79,1209.004946
229,79,4862.952726
230,79,4734.724041
231,79,2838.739783
232,79,1920.518331
233,79,3701.812159
234,79,1934.846301
236,79,8402.945028
237,79,6433.842365
238,79,9526.879044
239,79,8319.55844
243,79,19936.34614
244,79,17490.84532
246,79,4277.29436
249,79,2144.558065
261,79,4056.975869
262,79,8346.527305
263,79,8462.058052
4,87,4212.032194
12,87,1062.195601
13,87,1225.892375
24,87,14745.84944
41,87,15638.13573
42,87,17985.46832
43,87,12059.16498
45,87,1330.688587
48,87,8378.998135
50,87,8838.782383
68,87,6171.603145
74,87,15914.37612
75,87,14025.5194
79,87,3886.215362
87,87,0
88,87,675.9477929
90,87,5340.239383
100,87,7170.017637
107,87,5123.275711
113,87,4059.976733
114,87,3356.949258
116,87,18848.07259
120,87,22288.6596
125,87,2861.312573
127,87,25390.72272
128,87,26043.4688
137,87,6025.928333
140,87,10430.72729
141,87,10317.55503
142,87,10234.66426
143,87,10398.3723
144,87,2379.650031
148,87,2566.741067
151,87,14092.22118
152,87,17398.09996
158,87,4149.313779
161,87,8223.15126
162,87,8306.240228
163,87,9096.080854
164,87,6620.085095
166,87,15921.31351
170,87,6825.423598
186,87,6349.128352
209,87,540.8097521
211,87,2594.65869
224,87,5032.571511
229,87,8718.134095
230,87,8207.99662
231,87,1610.812108
232,87,2962.309286
233,87,7557.029821
234,87,5277.536906
236,87,12190.82367
237,87,10206.39896
238,87,13050.94981
239,87,11782.94443
243,87,23607.86923
244,87,21151.15106
246,87,6841.983529
249,87,4110.807863
261,87,704.0184201
262,87,12216.1487
263,87,12301.1585
4,88,4874.498712
12,88,454.7200225
13,88,1372.264633
24,88,15370.55161
41,88,16282.82908
42,88,18632.75889
43,88,12701.40779
45,88,1999.849264
48,88,8982.047822
50,88,9415.953572
68,88,6745.075999
74,88,16576.01379
75,88,14687.13768
79,88,4561.204326
87,88,675.9477929
88,88,0
90,88,5941.659648
100,88,7789.892194
107,88,5788.597319
113,88,4700.008357
114,88,3992.295218
116,88,19480.38723
120,88,22929.84272
125,88,3397.744325
127,88,26031.89723
128,88,26677.13138
137,88,6697.962456
140,88,11101.70009
141,88,10983.16998
142,88,10850.85458
143,88,10993.51087
144,88,3044.479251
148,88,3240.960832
151,88,14715.27431
152,88,18029.37222
158,88,4661.22591
161,88,8869.636934
162,88,8965.286789
163,88,9734.16595
164,88,7261.201851
166,88,16546.53893
170,88,7485.076592
186,88,6962.337614
209,88,1211.604207
211,88,3213.208941
224,88,5708.265725
229,88,9386.847743
230,88,8834.062606
231,88,2155.275509
232,88,3584.55661
233,88,8226.377781
234,88,5915.855164
236,88,12847.75499
237,88,10862.74921
238,88,13669.57855
239,88,12395.88622
243,88,24240.83094
244,88,21783.19496
246,88,7385.044581
249,88,4684.982951
261,88,865.3710225
262,88,12886.34638
263,88,12965.95789
4,90,3516.499463
12,90,6136.875769
13,90,4925.092141
24,90,9448.665999
41,90,10443.45197
42,90,12802.58276
43,90,6866.028672
45,90,4382.245561
48,90,3040.532695
50,90,3526.810953
68,90,961.1996781
74,90,10908.37136
75,90,9040.534387
79,90,2479.138319
87,90,5340.239383
88,90,5941.659648
90,90,0
100,90,1885.482815
107,90,1646.369992
113,90,1455.60968
114,90,2048.196048
116,90,13575.04335
120,90,17055.65854
125,90,2624.301128
127,90,20154.43901
128,90,20770.78961
137,90,2295.418699
140,90,5807.874599
141,90,5515.241933
142,90,4918.02771
143,90,5058.405507
144,90,3142.226204
148,90,3494.764424
151,90,8790.42643
152,90,12122.35162
158,90,1708.975653
161,90,3155.816406
162,90,3462.899014
163,90,3905.507212
164,90,1608.003977
166,90,10624.63592
170,90,2208.441162
186,90,1043.832678
209,90,4934.203579
211,90,2749.092064
224,90,2739.417337
229,90,4130.396735
230,90,2943.598428
231,90,3799.179697
232,90,4334.040597
233,90,3159.106942
234,90,779.1646447
236,90,7158.038022
237,90,5210.421493
238,90,7737.468057
239,90,6457.45762
243,90,18333.68502
244,90,15874.93011
246,90,1800.552733
249,90,1308.624549
261,90,5185.475247
262,90,7484.387338
263,90,7411.715176
4,100,4566.020252
12,100,8003.834567
13,100,6808.300413
24,100,7581.316178
41,100,8557.989491
42,100,10917.14263
43,100,4981.726094
45,100,6120.439516
48,100,1289.865699
50,100,1999.234511
68,100,1446.91521
74,100,9048.380371
75,100,7192.643962
79,100,3817.392657
87,100,7170.017637
88,100,7789.892194
90,100,1885.482815
100,100,0
107,100,2508.108056
113,100,3136.488137
114,100,3820.13771
116,100,11699.58951
120,100,15173.18319
125,100,4508.814342
127,100,18272.82493
128,100,18896.65608
137,100,2358.516794
140,100,4178.647664
141,100,3798.718434
142,100,3065.496954
143,100,3302.445985
144,100,4877.683265
148,100,5084.856068
151,100,6925.472148
152,100,10247.25729
158,100,3524.998723
161,100,1401.440761
162,100,1887.638907
163,100,2032.136467
164,100,830.5635335
166,100,8757.45868
170,100,1425.307406
186,100,841.6502563
209,100,6735.159862
211,100,4578.024693
224,100,3463.969524
229,100,2673.787796
230,100,1058.11566
231,100,5664.490827
232,100,5733.134375
233,100,2109.407227
234,100,1944.845646
236,100,5307.726045
237,100,3401.331734
238,100,5881.029405
239,100,4616.071086
243,100,16459.62129
244,100,14001.01398
246,100,1695.473776
249,100,3193.924019
261,100,7054.882428
262,100,5745.110587
263,100,5609.039728
4,107,2075.882961
12,107,6088.11049
13,107,5095.641842
24,107,9796.300987
41,107,10572.14631
42,107,12904.44346
43,107,7018.740738
45,107,3907.930542
48,107,3791.814266
50,107,4494.901225
68,107,2454.755264
74,107,10792.86142
75,107,8904.251803
79,107,1368.277328
87,107,5123.275711
88,107,5788.597319
90,107,1646.369992
100,107,2508.108056
107,107,0
113,107,1300.592408
114,107,1937.680907
116,107,13836.39599
120,107,17228.542
125,107,3033.069479
127,107,20327.93079
128,107,21013.25862
137,107,994.897854
140,107,5327.757672
141,107,5194.617572
142,107,5416.591337
143,107,5766.002424
144,107,2744.257196
148,107,2735.558514
151,107,9158.492599
152,107,12396.33133
158,107,2787.819503
161,107,3194.959001
162,107,3195.946729
163,107,4119.00421
164,107,1730.857303
166,107,10961.20394
170,107,1719.941242
186,107,1952.658976
209,107,4624.102077
211,107,2720.277743
224,107,1108.56227
229,107,3603.287732
230,107,3378.708335
231,107,3855.810919
232,107,3247.046136
233,107,2448.338255
234,107,880.2938857
236,107,7081.075202
237,107,5101.807316
238,107,8158.608065
239,107,6953.855671
243,107,18583.92029
244,107,16135.75267
246,107,3287.19899
249,107,2121.21197
261,107,5190.096326
262,107,7106.08888
263,107,7177.901589
4,113,2325.028527
12,113,4954.099439
13,113,3870.142424
24,113,10692.13968
41,113,11582.88741
42,113,13933.6079
43,113,8001.501986
45,113,2986.118197
48,113,4388.403386
50,113,4946.766769
68,113,2410.910538
74,113,11909.75717
75,113,10022.96628
79,113,1182.46882
87,113,4059.976733
88,113,4700.008357
90,113,1455.60968
100,113,3136.488137
107,113,1300.592408
113,113,0
114,113,710.5846598
116,113,14788.62546
120,113,18230.40866
125,113,1733.896401
127,113,21332.49531
128,113,21983.60418
137,113,2294.370915
140,113,6540.495913
141,113,6356.215428
142,113,6198.245881
143,113,6418.699714
144,113,1741.675197
148,113,2039.295642
151,113,10040.61123
152,113,13339.10363
158,113,1673.464765
161,113,4171.33503
162,113,4303.265869
163,113,5036.192349
164,113,2561.292668
166,113,11866.7561
170,113,2839.749441
186,113,2347.945784
209,113,3606.394585
211,113,1509.353514
224,113,1974.290218
229,113,4809.089664
230,113,4157.483179
231,113,2648.329188
232,113,2906.635265
233,113,3680.084588
234,113,1217.613568
236,113,8166.918414
237,113,6182.788883
238,113,9006.167796
239,113,7750.199053
243,113,19548.15228
244,113,17091.7228
246,113,3231.999405
249,113,998.1130265
261,113,4024.309495
262,113,8300.35984
263,113,8324.538829
4,114,2370.104348
12,114,4243.523921
13,114,3172.687456
24,114,11389.71068
41,114,12291.51127
42,114,14642.94421
43,114,8709.374721
45,114,2334.165168
48,114,5053.014031
50,114,5574.17839
68,114,2964.70142
74,114,12619.18642
75,114,10732.06862
79,114,1278.196943
87,114,3356.949258
88,114,3992.295218
90,114,2048.196048
100,114,3820.13771
107,114,1937.680907
113,114,710.5846598
114,114,0
116,114,15491.5061
120,114,18937.54903
125,114,1164.548527
127,114,22039.60209
128,114,22687.38306
137,114,2926.542253
140,114,7233.276237
141,114,7059.637661
142,114,6885.480464
143,114,7081.821874
144,114,1095.737092
148,114,1558.270333
151,114,10736.7828
152,114,14041.31012
158,114,1623.557467
161,114,4881.343546
162,114,5010.735226
163,114,5742.010678
164,114,3269.430932
166,114,12564.95087
170,114,3542.523799
186,114,3012.078532
209,114,2915.118104
211,114,801.1769549
224,114,2369.324283
229,114,5502.165364
230,114,4852.249066
231,114,1943.038106
232,114,2559.05502
233,114,4363.327535
234,114,1923.592357
236,114,8877.198531
237,114,6892.87145
238,114,9698.345381
239,114,8436.174658
243,114,20251.53323
244,114,17794.55057
246,114,3742.160917
249,114,1101.485309
261,114,3314.468785
262,114,8998.774104
263,114,9030.817681
4,116,15506.09727
12,116,19703.10716
13,116,18497.52588
24,116,4138.952709
41,116,3350.013159
42,116,1550.043204
43,116,6818.09849
45,116,17721.14182
48,116,10575.31806
50,116,10333.99434
68,116,12893.072
74,116,3999.518487
75,116,5450.726259
79,116,15193.18731
87,116,18848.07259
88,116,19480.38723
90,116,13575.04335
100,116,11699.58951
107,116,13836.39599
113,116,14788.62546
114,116,15491.5061
116,116,0
120,116,3540.147837
125,116,16196.17099
127,116,6604.474605
128,116,7197.304218
137,116,13103.32441
140,116,9073.959877
141,116,8918.542084
142,116,8667.263263
143,116,8678.826937
144,116,16503.97807
148,116,16571.88752
151,116,4800.048474
152,116,1452.724368
158,116,15104.30787
161,116,10650.65786
162,116,10675.30025
163,116,9755.235825
164,116,12232.37533
166,116,2973.444263
170,116,12122.46361
186,116,12536.42572
209,116,18390.01692
211,116,16267.62819
224,116,14338.85463
229,116,10498.67289
230,116,10648.60599
231,116,17363.94153
232,116,16945.09319
233,116,11595.40599
234,116,13571.04979
236,116,6914.506175
237,116,8796.0797
238,116,5866.945814
239,116,7163.914162
243,116,4760.549438
244,116,2303.097483
246,116,12473.86127
249,116,14875.42802
261,116,18754.47071
262,116,7515.083915
263,116,7100.61732
4,120,18807.00319
12,120,23166.67544
13,120,21980.7122
24,120,7660.118802
41,120,6656.547752
42,120,4342.949118
43,120,10229.51139
45,120,21131.15657
48,120,14079.54231
50,120,13863.78977
68,120,16399.93036
74,120,6740.583216
75,120,8512.427203
79,120,18571.14876
87,120,22288.6596
88,120,22929.84272
90,120,17055.65854
100,120,15173.18319
107,120,17228.542
113,120,18230.40866
114,120,18937.54903
116,120,3540.147837
120,120,0
125,120,19679.81612
127,120,3102.089513
128,120,3839.04358
137,120,16448.91402
140,120,12248.62537
141,120,12174.27978
142,120,12168.14319
143,120,12209.02394
144,120,19928.5343
148,120,19957.76472
151,120,8319.779575
152,120,4972.344292
158,120,18610.99905
161,120,14067.80342
162,120,14040.64798
163,120,13196.1182
164,120,15669.18078
166,120,6506.148713
170,120,15508.75328
186,120,16013.42238
209,120,21818.85315
211,120,19721.87352
224,120,17659.07725
229,120,13787.22765
230,120,14117.08174
231,120,20830.29661
232,120,20268.59886
233,120,14917.07713
234,120,17013.99658
236,120,10189.3188
237,120,12138.93228
238,120,9388.267044
239,120,10684.72489
243,120,1564.464959
244,120,1446.352513
246,120,16001.15362
249,120,18360.86028
261,120,22221.54748
262,120,10561.48832
263,120,10252.95826
4,125,3417.598124
12,125,3544.478707
13,125,2301.485236
24,125,12066.03132
41,125,13065.51062
42,125,15424.34852
43,125,9485.38483
45,125,2281.776702
48,125,5637.157384
50,125,6028.575454
68,125,3359.712141
74,125,13493.80968
75,125,11615.63891
79,125,2406.694964
87,125,2861.312573
88,125,3397.744325
90,125,2624.301128
100,125,4508.814342
107,125,3033.069479
113,125,1733.896401
114,125,1164.548527
116,125,16196.17099
120,125,19679.81612
125,125,0
127,125,22778.32274
128,125,23390.52016
137,125,4027.679831
140,125,8224.558922
141,125,8004.058729
142,125,7532.844881
143,125,7626.36476
144,125,1418.897609
148,125,2139.303195
151,125,11406.73787
152,125,14743.45109
158,125,1295.47443
161,125,5721.917862
162,125,5936.296072
163,125,6517.802971
164,125,4110.635656
166,125,13241.42835
170,125,4511.484984
186,125,3667.463793
209,125,2564.32695
211,125,750.3126774
224,125,3533.114768
229,125,6497.338525
230,125,5566.681257
231,125,1251.834944
232,125,3208.841637
233,125,5389.848763
234,125,2802.081008
236,125,9740.749547
237,125,7770.651022
238,125,10349.71457
239,125,9063.318569
243,125,20953.53651
244,125,18494.90271
246,125,3988.447753
249,125,1320.981343
261,125,2593.380676
262,125,9964.276612
263,125,9949.295713
4,127,21889.855
12,127,26268.10866
13,127,25079.51039
24,127,10741.26329
41,127,9756.94142
42,127,7430.688551
43,127,13331.56176
45,127,24231.62214
48,127,17171.2502
50,127,16938.2156
68,127,19490.92653
74,127,9758.243911
75,127,11570.98374
79,127,21668.44191
87,127,25390.72272
88,127,26031.89723
90,127,20154.43901
100,127,18272.82493
107,127,20327.93079
113,127,21332.49531
114,127,22039.60209
116,127,6604.474605
120,127,3102.089513
125,127,22778.32274
127,127,0
128,127,1085.621186
137,127,19542.22166
140,127,15312.52898
141,127,15256.0778
142,127,15260.62363
143,127,15283.0803
144,127,23030.14756
148,127,23055.73988
151,127,11402.09935
152,127,8051.255614
158,127,21702.33212
161,127,17169.59255
162,127,17138.17866
163,127,16298.07211
164,127,18771.27009
166,127,9577.90366
170,127,18608.02028
186,127,19112.67541
209,127,24920.57069
211,127,22823.71194
224,127,20746.93089
229,127,16872.68275
230,127,17217.22323
231,127,23931.37681
232,127,23355.4726
233,127,18007.41557
234,127,20116.05906
236,127,13278.71049
237,127,15235.0194
238,127,12469.94873
239,127,13767.04634
243,127,2002.010978
244,127,4348.2141
246,127,19078.31292
249,127,21458.85418
261,127,25322.63835
262,127,13601.4461
263,127,13319.55782
4,128,22626.32318
12,128,26900.32764
13,128,25691.49976
24,128,11325.43543
41,128,10450.99786
42,128,8170.643249
43,128,13997.52797
45,128,24907.3702
48,128,17762.95984
50,128,17487.80711
68,128,20076.70536
74,128,10576.47773
75,128,12349.78528
79,128,22363.50735
87,128,26043.4688
88,128,26677.13138
90,128,20770.78961
100,128,18896.65608
107,128,21013.25862
113,128,21983.60418
114,128,22687.38306
116,128,7197.304218
120,128,3839.04358
125,128,23390.52016
127,128,1085.621186
128,128,0
137,128,20253.22435
140,128,16083.1282
141,128,15997.74355
142,128,15858.62198
143,128,15835.99427
144,128,23694.94147
148,128,23746.93385
151,128,11985.62852
152,128,8649.406904
158,128,22286.39626
161,128,17836.53383
162,128,17835.35559
163,128,16948.35008
164,128,19425.50241
166,128,10151.34105
170,128,19295.33872
186,128,19733.00965
209,128,25582.64731
211,128,23464.59793
224,128,21472.46461
229,128,17605.7781
230,128,17845.90928
231,128,24561.1009
232,128,24082.39441
233,128,18727.97699
234,128,20765.99493
236,128,14005.47685
237,128,15939.83464
238,128,13047.69347
239,128,14341.78586
243,128,2437.115619
244,128,4895.873146
246,128,19629.43094
249,128,22069.57937
261,128,25951.51242
262,128,14400.51332
263,128,14087.17761
4,137,2451.933026
12,137,7017.300037
13,137,6068.051344
24,137,9127.293758
41,137,9802.227316
42,137,12111.65192
43,137,6297.652452
45,137,4764.878042
48,137,3533.21979
50,137,4321.894596
68,137,2859.419845
74,137,9933.84545
75,137,8049.738723
79,137,2156.688336
87,137,6025.928333
88,137,6697.962456
90,137,2295.418699
100,137,2358.516794
107,137,994.897854
113,137,2294.370915
114,137,2926.542253
116,137,13103.32441
120,137,16448.91402
125,137,4027.679831
127,137,19542.22166
128,137,20253.22435
137,137,0
140,137,4405.781299
141,137,4324.164734
142,137,4910.351621
143,137,5366.546002
144,137,3662.935271
148,137,3541.995667
151,137,8505.745319
152,137,11675.51929
158,137,3702.791719
161,137,2588.045683
162,137,2431.653059
163,137,3526.213569
164,137,1535.792686
166,137,10277.27686
170,137,1096.370815
186,137,2133.438033
209,137,5511.384089
211,137,3699.09307
224,137,1266.202621
229,137,2706.594914
230,137,2973.841828
231,137,4826.243099
232,137,3845.450709
233,137,1546.659583
234,137,1554.430148
236,137,6265.672823
237,137,4313.50517
238,137,7544.80011
239,137,6400.957778
243,137,17831.72867
244,137,15394.24866
246,137,3600.236095
249,137,3060.346695
261,137,6137.801334
262,137,6192.731344
263,137,6306.82333
4,140,6612.281948
12,140,11412.97175
13,140,10405.96364
24,140,5495.785869
41,140,5724.613105
42,140,7914.017689
43,140,2773.223389
45,140,9167.621515
48,140,3936.719137
50,140,4498.282703
68,140,5619.291441
74,140,5592.307026
75,140,3741.802291
79,140,6558.622122
87,140,10430.72729
88,140,11101.70009
90,140,5807.874599
100,140,4178.647664
107,140,5327.757672
113,140,6540.495913
114,140,7233.276237
116,140,9073.959877
120,140,12248.62537
125,140,8224.558922
127,140,15312.52898
128,140,16083.1282
137,140,4405.781299
140,140,0
141,140,585.9642061
142,140,3214.1702
143,140,3973.951905
144,140,8061.040533
148,140,7935.396472
151,140,5003.258487
152,140,7718.799136
158,140,7515.536332
161,140,2780.830063
162,140,2348.915648
163,140,2546.231704
164,140,4200.10613
166,140,6512.315139
170,140,3713.096601
186,140,4883.003277
209,140,9917.163889
211,140,8030.847497
224,140,5512.67736
229,140,1731.446116
230,140,3383.334698
231,140,9172.51658
232,140,8094.112331
233,140,2879.564566
234,140,5428.247657
236,140,2212.43241
237,140,1297.287294
238,140,4360.370361
239,140,3801.556066
243,140,13694.96674
244,140,11307.7666
246,140,5769.850837
249,140,7024.329937
261,140,10517.68621
262,140,1788.193834
263,140,1995.95651
4,141,6633.80612
12,141,11277.1005
13,141,10225.64869
24,141,5189.888824
41,141,5574.44361
42,141,7831.34714
43,141,2376.267385
45,141,9081.511745
48,141,3433.032111
50,141,3953.282861
68,141,5245.625361
74,141,5609.783788
75,141,3726.025355
79,141,6478.25181
87,141,10317.55503
88,141,10983.16998
90,141,5515.241933
100,141,3798.718434
107,141,5194.617572
113,141,6356.215428
114,141,7059.637661
116,141,8918.542084
120,141,12174.27978
125,141,8004.058729
127,141,15256.0778
128,141,15997.74355
137,141,4324.164734
140,141,585.9642061
141,141,0
142,141,2628.21813
143,141,3388.154724
144,141,7938.872541
148,141,7865.742259
151,141,4657.394164
152,141,7531.094474
158,141,7222.889889
161,141,2400.438565
162,141,2068.691675
163,141,2030.675973
164,141,3919.549091
166,141,6254.482248
170,141,3517.128585
186,141,4548.306354
209,141,9814.469113
211,141,7860.64547
224,141,5496.32273
229,141,1622.42484
230,141,2928.190504
231,141,9002.628123
232,141,8101.54743
233,141,2777.508767
234,141,5202.449735
236,141,2004.100338
237,141,711.4192799
238,141,3933.870031
239,141,3275.193938
243,141,13592.40905
244,141,11180.46705
246,141,5331.544118
249,141,6767.452481
261,141,10366.08253
262,141,1969.372569
263,141,1984.787269
4,142,7347.180171
12,142,11054.67253
13,142,9833.248953
24,142,4533.375117
41,142,5630.950817
42,142,7977.963398
43,142,2203.530349
45,142,9176.640925
48,142,1911.617163
50,142,1864.065767
68,142,4232.174633
74,142,6370.724919
75,142,4654.368735
79,142,6779.16872
87,142,10234.66426
88,142,10850.85458
90,142,4918.02771
100,142,3065.496954
107,142,5416.591337
113,142,6198.245881
114,142,6885.480464
116,142,8667.263263
120,142,12168.14319
125,142,7532.844881
127,142,15260.62363
128,142,15858.62198
137,142,4910.351621
140,142,3214.1702
141,142,2628.21813
142,142,0
143,142,761.9917688
144,142,7937.170612
148,142,8103.965272
151,142,3873.893326
152,142,7214.997286
158,142,6442.911554
161,142,2333.025717
162,142,2691.96303
163,142,1424.109192
164,142,3704.868086
166,142,5708.590743
170,142,3819.653673
186,142,3888.587753
209,142,9800.310634
211,142,7641.347516
224,142,6168.882217
229,142,3082.290466
230,142,2052.197498
231,142,8716.13259
232,142,8655.947055
233,142,3698.144372
234,142,4993.002088
236,142,2907.059562
237,142,1917.285366
238,142,2819.655284
239,142,1552.251996
243,142,13421.87726
244,142,10963.57649
246,142,3896.984954
249,142,6211.887268
261,142,10103.46873
262,142,3913.234316
263,142,3480.496617
4,143,7763.902048
12,143,11169.15867
13,143,9911.789352
24,143,4550.600408
41,143,5811.659996
42,143,8118.226316
43,143,2639.259694
45,143,9404.010616
48,143,2030.335133
50,143,1655.170756
68,143,4271.533268
74,143,6714.610361
75,143,5100.444684
79,143,7106.740139
87,143,10398.3723
88,143,10993.51087
90,143,5058.405507
100,143,3302.445985
107,143,5766.002424
113,143,6418.699714
114,143,7081.821874
116,143,8678.826937
120,143,12209.02394
125,143,7626.36476
127,143,15283.0803
128,143,15835.99427
137,143,5366.546002
140,143,3973.951905
141,143,3388.154724
142,143,761.9917688
143,143,0
144,143,8158.516351
148,143,8387.242291
151,143,3893.616973
152,143,7236.792937
158,143,6466.91876
161,143,2859.554792
162,143,3305.320263
163,143,2034.090621
164,143,4035.148484
166,143,5705.493819
170,143,4270.764501
186,143,4072.113588
209,143,9988.815184
211,143,7807.114743
224,143,6602.712444
229,143,3777.203228
230,143,2404.294505
231,143,8842.322923
232,143,9011.834355
233,143,4281.011146
234,143,5245.280465
236,143,3472.920646
237,143,2677.875432
238,143,2827.53526
239,143,1545.514735
243,143,13404.79596
244,143,10954.33008
246,143,3795.858455
249,143,6314.219907
261,143,10216.94012
262,143,4579.150287
263,143,4098.9965
4,144,2260.324832
12,144,3354.370084
13,144,2497.821089
24,144,12419.78115
41,144,13274.23224
42,144,15617.38409
43,144,9700.826964
45,144,1245.640523
48,144,6128.229932
50,144,6666.059883
68,144,4059.498804
74,144,13534.7574
75,144,11645.91189
79,144,1572.230006
87,144,2379.650031
88,144,3044.479251
90,144,3142.226204
100,144,4877.683265
107,144,2744.257196
113,144,1741.675197
114,144,1095.737092
116,144,16503.97807
120,144,19928.5343
125,144,1418.897609
127,144,23030.14756
128,144,23694.94147
137,144,3662.935271
140,144,8061.040533
141,144,7938.872541
142,144,7937.170612
143,144,8158.516351
144,144,0
148,144,729.0471761
151,144,11770.48722
152,144,15056.65465
158,144,2474.359735
161,144,5861.017734
162,144,5927.828863
163,144,6749.080151
164,144,4272.884529
166,144,13593.05635
170,144,4446.90333
186,144,4086.485494
209,144,1890.920345
211,144,677.0938342
224,144,2774.101657
229,144,6343.203848
230,144,5892.234604
231,144,1303.204101
232,144,1791.58355
233,144,5183.573867
234,144,2946.152142
236,144,9813.364892
237,144,7829.680484
238,144,10740.83706
239,144,9489.381142
243,144,21261.08956
